adiabatic 20 3850 0.4693894669046208
adiabatic 20 3550 0.4669544513806253
adiabatic 20 3450 0.46605225119278676
adiabatic 20 3650 0.46780898806408583
adiabatic 20 3750 0.4686195579068053
adiabatic 20 2750 0.45798931331497744
adiabatic 20 3250 0.46408813276853755
adiabatic 20 2850 0.45937206581502654
adiabatic 20 3350 0.46509833424707786
adiabatic 20 3150 0.46301654373580275
adiabatic 20 2950 0.4606654394136133
adiabatic 20 4150 0.4714835986050782
adiabatic 20 4050 0.4708189176514039
adiabatic 20 4650 0.4743900248378182

adiabatic 20 3950 0.47012168835226475
diabatic 25 1650 0.4643509789745426
adiabatic 20 4550 0.47385841804661993
aadiabatic 20 4750 0.474899838041894

adiabatic 25 3350 0.5189819023387924
adiabatic 25 1850 0.47541811103900666
adiabatic 25 1050 0.41082039853362384
adiabatic 25 750 0.3601881466976355
adiabatic 25 1350 0.44255308365679824
adiabatic 20 4350 0.47272400116978536
diabatic 25 4650 0.53497931249546
3
adiabatic 25 3450 0.5206248883705394
adiabatic 25 1450 0.4506737495394045
adiabatic 25 3650 0.5235650150271676
aadiabatic 25 2550 0.501574203238578
diabatic 25 850 0.3800818629551063
7
adiabatic 25 2650 0.5042823563106619
adiabatic 25 2750 0.5068053904007079
adiabatic 25 4850 0.5367227220235956
adiabatic 25 350 0.219814893317854
86aadiabatic 25 550 0.3061779365137126
adiabatic 25 2150 0.48852351387015347
diabatic 30 3550 0.557213570086788
adiabatic 30 2150 0.5066673336725113
adiabatic 30 2650 0.5300629386418216
adiabatic 30 2050 0.5007784688902313
adiabatic 30 1750 0.47975232150424735
adiabatic 30 3750 0.5616233527614718
adiabatic 30 2750 0.5338627172619973
adiabatic 30 2250 0.5121007638719766
adiabatic 30 3150 0.5468637712679552
adiabatic 30 2950 0.540771778292549
adiabatic 30 2350 0.5171285637563386
adiabatic 30 3350 0.5523189208256969
adiabatic 25 2050 0.48454148495092025
diabatic 30 1550 0.46218552702375354
adiabatic 25 4250 0.5310230792759678

adiabatic 25 4350 0.53207721565158
8
adiabatic 30 550 0.264056017791056
adadiabatic 25 3950 0.5275567962930784
abatic 30 650 0.3000596223632126
1427
adiabatic 30 1150 0.4130863909687786

adiabatic 25 2250 0.4921797959171157

adiabatic 30 850 0.35582123647770697

adiabatic 30 3050 0.5438952311358355
adiabatic 30 1450 0.4519312455440891
adiabatic 30 2850 0.5374251866297435

adiabatic 20 1950 0.44217832738182394
adiabatic 20 2050 0.44478415832739926
adiabatic 25 4050 0.5287664140092009
adiabatic 30 1350 0.4404176295058467
adiabatic 30 1250 0.4275558436473314

adiabatic 30 950 0.37765397639098164
adiabatic 20 550 0.3283170589802313

adiabatic 20 450 0.3004309371218709
adiabatic 20 650 0.3494363243841072
5
adiabatic 20 2550 0.45491596193399925
adiabatic 20 2650 0.45650760887852465
adiabatic 20 250 0.20687530575991686
adiabatic 30 4650 0.5770164700208994
adiabatic 30 4750 0.5783856524210654
adiabatic 30 4150 0.5692402259566369
adiabatic 35 650 0.2532798645153724
4
adiabatic 30 3950 0.5656141070311946
adiabatic 30 4350 0.5725525862012505
adiabatic 30 4450 0.5741036296966948
adiabatic 35 450 0.17069156357934628
adiabatic 30 4550 0.5755903034507271
adiabatic 35 750 0.2868578406476678
adiabatic 35 850 0.3162252815080986
adiabatic 35 950 0.3420051287033192

adiabatic 35 1450 0.43351736106659294
adiabatic 35 1250 0.40278960839136063
adiabatic 35 1050 0.3646926426531073
adiabatic 35 1550 0.4466079211809415
adiabatic 35 550 0.21477118569866133
adiabatic 35 1350 0.4189580939557803
adiabatic 30 3850 0.5636674399340027
adiabatic 20 1150 0.406970676983029
adiabatic 20 1050 0.3992618712516475
adiabatic 20 850 0.37926544401452955
adiabatic 20 950 0.39016479374518576
adiabatic 35 3050 0.5557141768514844
adiabatic 35 2250 0.5121116606876299
adiabatic 35 2650 0.5367026373286329
adiabatic 35 2350 0.5188754105867662
adiabatic 35 2550 0.5312585447132313
adiabatic 35 2750 0.5418687406140661
adiabatic 35 2150 0.5051969587308416
adiabatic 35 3450 0.5708535036617561
adiabatic 35 3350 0.567380347259803
adiabatic 35 1650 0.4586291074860728
adiabatic 35 2050 0.49715609094998797
adiabatic 35 2950 0.5513667107618544
adiabatic 35 1750 0.4695930616394119
adiabatic 35 2850 0.546759437951782

adiabatic 45 1450 0.36128099571573846
adiabatic 45 1250 0.32243519531765874
adiabatic 45 1550 0.3785983066482292
adiabatic 45 350 0.05375849043481318
adiabatic 45 250 0.0229282796104961
adiabatic 45 450 0.08916051191231249
adiabatic 45 1150 0.3005350991075645
adiabatic 45 550 0.12511278034234571
adiabatic 45 750 0.19239912242270132
adiabatic 45 650 0.15972386551051454
adiabatic 45 950 0.2507935438698524
adiabatic 45 850 0.22278017506046152
adiabatic 45 1050 0.2766755621272921
adiabatic 30 250 0.10670623414900707
adiabatic 60 1950 0.31575311497250697
adiabatic 60 2250 0.35677439092386987
adiabatic 60 2350 0.3690515563224057
adiabatic 60 2150 0.34380326912935977
adiabatic 60 2050 0.33011204972215175
adiabatic 60 2550 0.3925732722603242
adiabatic 60 2450 0.381298734259863

adiabatic 60 1850 0.30080394130050725
adiabatic 60 4650 0.5507787359578589
adiabatic 60 4350 0.5349814202019827
adiabatic 60 4550 0.5461343650951107
adiabatic 60 4850 0.5601174082096277
adiabatic 60 4450 0.5402067312694169
adiabatic 45 1950 0.43622241761733294
adiabatic 45 1750 0.4093981890213204
adiabatic 60 4750 0.5556099359100276
adiabatic 45 1850 0.423356527143057
adiabatic 45 2150 0.4595826478795739
adiabatic 45 1650 0.3946667180814157
adiabatic 45 2050 0.44828326623634074
adiabatic 45 4250 0.5946125476361366
adiabatic 45 4850 0.6150065873275585
adiabatic 45 4550 0.6056354884617036
adiabatic 45 4350 0.5983640019262262
adiabatic 40 250 0.04047871841659111
diabatic 35 4750 0.6032254432675953
adiabatic 35 4950 0.6067843171702387
adiabatic 45 4150 0.5906550617443899
adiabatic 35 4150 0.5906508895385533
adiabatic 35 4550 0.5994111944197337
adiabatic 55 2050 0.37132648569460575
adiabatic 35 3650 0.5773110416492974
adiabatic 55 2350 0.40917775452434574
adiabatic 55 2250 0.39753797593044415
adiabatic 55 2450 0.42070362190058214
adiabatic 35 4250 0.592994837034647
adiabatic 35 3550 0.5741495626476865
adiabatic 40 450 0.12576148573450865
adiabatic 55 1350 0.25491874542073556
adiabatic 55 1450 0.27440901190108175
adiabatic 40 1550 0.41691667086768697
adiabatic 40 1750 0.44430442437538936
diabatic 55 1750 0.32693229242982746
adiabatic 55 1850 0.34253954661472147
adiabatic 40 1350 0.384344636683627
adiabatic 40 1450 0.401264563969994
adiabatic 40 1150 0.34521301708039803
adiabatic 40 1050 0.3225978567651326
adiabatic 40 1250 0.36557361039552366
adiabatic 40 950 0.2975249646277768
adiabatic 40 1850 0.45651184810828294
adiabatic 40 1650 0.43111143710915517
adiabatic 40 650 0.20460077930981752
adiabatic 35 4050 0.5881947763174166
adiabatic 35 3750 0.580284102180035
adiabatic 55 1650 0.3104680590952057
adiabatic 40 850 0.26973962204083696
adiabatic 35 3950 0.5857880305656461
adiabatic 60 3150 0.4519683701957105
adiabatic 60 3350 0.46847556207588253
adiabatic 60 3250 0.46031017215522374
adiabatic 40 2450 0.5130578479788775

adiabatic 40 2050 0.4780875200909728
diabatic 60 3450 0.4766332266270751
adiabatic 60 3950 0.5111389047768944
adiabatic 40 2550 0.5205918400190787
adiabatic 55 2550 0.43145426206120835
adiabatic 60 3850 0.5045580529637388

adiabatic 60 4050 0.5176381530608881
adiabatic 60 2950 0.43368994007637923
adiabatic 60 3050 0.44281938752419847
adiabatic 60 2750 0.4138678753604901
iabatic 55 2650 0.44186441550571715
adiabatic 60 2850 0.42426452631912787
adiabatic 60 2650 0.4036794914898265
adiabatic 45 3450 0.5591126293106565
adiabatic 45 3050 0.5355645810668398
adiabatic 45 3550 0.5643485646999086
adiabatic 45 3950 0.5825097389661226
adiabatic 45 3250 0.5478804717101364
adiabatic 45 3350 0.5533652024281868
adiabatic 45 3650 0.5689423333282032
adiabatic 45 3850 0.5782942715504071
adiabatic 45 3750 0.5737523027708139
adiabatic 45 3150 0.5417591752449601
adiabatic 45 2850 0.5217972179374051
adiabatic 60 1150 0.17431313584526134
adiabatic 60 1050 0.15325064414018078
adiabatic 60 1550 0.2511786091205666
adiabatic 60 950 0.13176184049891643
adiabatic 60 1250 0.1946040213683132
adiabatic 60 1350 0.21417677962397078
adiabatic 40 4350 0.6032619561596255
adiabatic 60 1750 0.2849423803268418
adiabatic 60 1450 0.23306435245197146
adiabatic 40 4750 0.6141871255918676
adiabatic 40 4650 0.6116169606120588
adiabatic 40 4550 0.6089429135398947
adiabatic 40 4450 0.6061604522464419
adiabatic 40 4050 0.5937367093131877
adiabatic 40 4250 0.6001240221994395
adiabatic 40 4150 0.596993874651827
adiabatic 45 2550 0.49790425953800416
adiabatic 45 2650 0.5063888967144636
adiabatic 45 2750 0.51427123884583
adiabatic 45 2450 0.48910592593358293
adiabatic 45 2250 0.47006796662448436
adiabatic 45 2350 0.47976658955657014
adiabatic 65 650 0.05016970454051663
adiabatic 60 4950 0.5653392643171324
adiabatic 40 4950 0.6190268038592042
adiabatic 65 250 0.002683425134293209
adiabatic 65 350 0.008529132574702825
adiabatic 65 750 0.06732714781526276
adiabatic 65 950 0.10454277852345124
adiabatic 65 450 0.022528570614448004
adiabatic 65 550 0.035296268860634736
adiabatic 65 850 0.0854697944709322
adiabatic 65 1050 0.12287500531718917
adiabatic 40 2850 0.5403183895105924
adiabatic 40 2750 0.5341947052282419
adiabatic 50 2450 0.4574840508570758
adiabatic 20 2450 0.4532016934173226
adiabatic 20 2250 0.4493439983770778

adiabatic 20 2350 0.451350095051556
adiabatic 20 2150 0.4471632811203836
adiabatic 20 1250 0.4135773061138064
adiabatic 20 1450 0.42431102124780085
adiabatic 25 450 0.2684470125921729
adiabatic 20 1750 0.43615712227212755
adiabatic 20 1850 0.43931183174435884
diabatic 20 1650 0.4326501113299674
adiabatic 25 2350 0.49554654802930986
adiabatic 25 1250 0.4333901553599818
adiabatic 25 1950 0.4801906982783742
adiabatic 25 2450 0.498663850263292
adiabatic 30 450 0.2207489593558466
adiabatic 25 1550 0.4578925358792808
adiabatic 25 650 0.3360503426063869
adiabatic 25 3250 0.5172443313632714
adiabatic 25 1150 0.42292874112997325
adiabatic 30 2450 0.5217693300240189
adiabatic 25 3150 0.5154038074415173
adiabatic 20 350 0.26210872928969353
adiabatic 25 950 0.3967283279476792
adiabatic 25 3550 0.5221807798793544

adiabatic 25 3750 0.524965597339068
adiabatic 30 750 0.3302334567860332
adiabatic 25 1750 0.4701623994740294
adiabatic 30 1850 0.4874017599828687
adiabatic 30 3250 0.5496672267255931
adiabatic 30 1650 0.4713849168159575
adiabatic 35 2450 0.5251812574668693
adiabatic 30 1050 0.39661772961141784
adiabatic 40 2250 0.4968756351633015
adiabatic 40 2150 0.4878553922013301
adiabatic 40 2350 0.5051218802873733
adiabatic 35 1150 0.3849001046305135
adiabatic 30 3450 0.5548308642337759
adiabatic 35 3150 0.5597043038815052
adiabatic 35 3250 0.5635762135898147
adiabatic 40 750 0.2388577412009687
adiabatic 35 1950 0.48876992324116353
adiabatic 25 250 0.15610941860009533
adiabatic 40 550 0.16686452388917872
adiabatic 20 4250 0.47211795197167195
adiabatic 20 3050 0.4618778113031964
adiabatic 40 1950 0.4676317137088795
adiabatic 45 1350 0.3426777238385924
adiabatic 40 3250 0.561688549669415
adiabatic 40 3450 0.5709564559935445
adiabatic 50 750 0.15084968349078678
adiabatic 50 450 0.06117283128331884
adiabatic 40 3150 0.5566000160386837
adiabatic 50 2350 0.4471196431840558
adiabatic 25 3050 0.5134509405364055
adiabatic 25 2850 0.5091645410750018
adiabatic 25 2950 0.5113751631676576
adiabatic 40 3550 0.5752525207856394
adiabatic 55 750 0.11587474133224447
adiabatic 50 1350 0.2983841624169111
adiabatic 50 1250 0.27770491858425195
adiabatic 55 2150 0.384709775020255
adiabatic 50 2150 0.42423668792773
6
adiabatic 40 3350 0.5664384321756244
adiabatic 25 4150 0.5299206062833766
adiabatic 50 1650 0.35316462038286095
adiabatic 50 1550 0.33620437298492384
adiabatic 30 2550 0.5260397070947562
adiabatic 50 1850 0.3842875586254852
adiabatic 50 550 0.09108732629332689
adiabatic 50 850 0.17930400224945592
adiabatic 50 650 0.1212800750030735
adiabatic 55 3650 0.5229643142359919
adiabatic 50 1950 0.39848065310041714
adiabatic 50 1150 0.2553863985760184
adiabatic 35 350 0.12097607187696487
adiabatic 30 3650 0.5594756440826414

adiabatic 55 1250 0.23434656815995095
adiabatic 60 750 0.08796178242989727
adiabatic 55 550 0.06482974614723419
adiabatic 50 3250 0.524598729406884
adiabatic 50 3450 0.5376240441777276
adiabatic 50 1050 0.23155811131800424
adiabatic 55 1550 0.2928081118780676
adiabatic 50 3150 0.5175216598775739
adiabatic 50 950 0.20610369550131175
adiabatic 50 1450 0.31779095517956174
adiabatic 55 450 0.040751957130633704
adiabatic 50 2050 0.4115933164456898
adiabatic 55 950 0.16597441164842863
adiabatic 40 3050 0.5513890204694094
adiabatic 30 4250 0.5709329405088136
adiabatic 60 650 0.06661738162910023
adiabatic 65 2150 0.30323451439134425
adiabatic 65 2350 0.32902349883241716
adiabatic 55 3250 0.49431285355498056
adiabatic 55 650 0.09016784135793604
adiabatic 40 2650 0.5276113103256749
adiabatic 40 2950 0.5459190230815647
adiabatic 55 1150 0.2126860119456267
adiabatic 50 3550 0.543863972549814
adiabatic 55 3150 0.4865313029569186
adiabatic 60 1650 0.2684688872909032
adiabatic 60 450 0.027231373255421642
adiabatic 30 4050 0.5674694589225319
adiabatic 40 350 0.0823924861361538
adiabatic 35 250 0.06775518235260727
adiabatic 65 2450 0.3412032414996728
adiabatic 60 850 0.10986020542554788
adiabatic 70 750 0.0542184464277462
adiabatic 65 1350 0.17811267917844636
adiabatic 55 1950 0.3574634242501231
adiabatic 70 2150 0.2650006703852906
adiabatic 70 2250 0.27782634572426695
adiabatic 60 3650 0.4909017671539528
adiabatic 75 350 0.008034679107835492
adiabatic 55 1050 0.1897496904728864
adiabatic 55 3450 0.5094465799890245
adiabatic 65 1250 0.160011172406939
adiabatic 70 450 0.0185199697512972
adiabatic 55 3350 0.5019862804720762
adiabatic 75 2350 0.25459227205474955
adiabatic 75 2150 0.23046133159266086
adiabatic 45 2950 0.5289104386976746

adiabatic 50 3050 0.5102558165346667
adiabatic 50 2950 0.5023311319424555

adiabatic 50 2850 0.49416912529473195
diabatic 70 950 0.0840154879101424

adiabatic 35 4350 0.5952327080820778
adiabatic 65 1550 0.2128247767057746
adiabatic 70 1650 0.1944202646887262

adiabatic 75 450 0.017798560951323945
adiabatic 65 1150 0.1415070425938759
adiabatic 50 2650 0.47696564186250084
adiabatic 50 2750 0.48579167937932216
adiabatic 65 1950 0.27562647826976006
adiabatic 65 1650 0.22943077532657205
adiabatic 70 1850 0.2239161844565295
adiabatic 75 1150 0.09837382659656757
adiabatic 65 2050 0.28950615226096876
adiabatic 50 2550 0.4673591546691753
adiabatic 70 1250 0.13154526967362332
adiabatic 40 3650 0.579324238240621
adiabatic 60 3550 0.48344251955502676
adiabatic 70 1150 0.11625565315893023
adiabatic 70 1450 0.16352014953592262
adiabatic 65 1850 0.26080137123567143
adiabatic 75 950 0.07008586397678802
adiabatic 55 2950 0.4701112187734876
adiabatic 55 3050 0.4787291500432736

adiabatic 70 850 0.06844782977540691
adiabatic 55 2850 0.4611989461068684

adiabatic 65 3650 0.45562619066376786
diabatic 70 1550 0.17904986120563415
adiabatic 65 3250 0.4232790501941342
adiabatic 70 2050 0.25174552036287123
adiabatic 75 850 0.05818682413351599

adiabatic 65 3450 0.4398916464837732
adiabatic 75 1250 0.11108697021330964
adiabatic 65 3350 0.43156633261866684
adiabatic 65 3550 0.44835207138875116
adiabatic 70 1750 0.20936281877784996
adiabatic 70 3150 0.3756716303519046
adiabatic 75 1050 0.08293062396681758
adiabatic 40 3850 0.586954390075285
adiabatic 75 1750 0.17846076352853707
adiabatic 70 3050 0.3671264355137469
adiabatic 75 1550 0.15106602717162784
adiabatic 40 3950 0.5903228358858281
adiabatic 75 1450 0.1382953522659699
adiabatic 65 2950 0.39519257063636126
adiabatic 75 1950 0.20506082378814702
adiabatic 75 3650 0.3823101311751427
adiabatic 70 3550 0.41097088785803015
adiabatic 50 350 0.03375000637183976
adiabatic 65 2550 0.35263697102042985
adiabatic 65 3050 0.40502285774244334
adiabatic 65 2750 0.37467033646248327
adiabatic 75 2050 0.21794169233930083
adiabatic 50 250 0.012353372687684765
adiabatic 75 3150 0.338027413144534
adiabatic 70 3250 0.3858087453363457
adiabatic 75 3450 0.3653520992035416

adiabatic 75 3050 0.3290588948701348
adiabatic 75 1350 0.12350682546582341
adiabatic 45 4050 0.5865763914431681
adiabatic 70 2750 0.3364762852758034
adiabatic 70 2850 0.3467211320579296
adiabatic 70 2550 0.3139550559495579
adiabatic 70 2650 0.3255715378204505
adiabatic 65 2650 0.36433087534293324
adiabatic 70 2450 0.3024901981806039

adiabatic 50 3650 0.5495253665695362
adiabatic 75 3550 0.37426497209619436
adiabatic 75 3250 0.34761496617940835
adiabatic 75 3350 0.3563640679028087
adiabatic 75 2850 0.308959713052494
adiabatic 75 2950 0.31932496853040093
adiabatic 75 2450 0.26601987071430894
adiabatic 75 2650 0.2883450295223195
adiabatic 75 2750 0.29868283767750603
adiabatic 75 2550 0.27736923192049545
adiabatic 50 4050 0.5710562966897946
adiabatic 50 4150 0.5756373940250015
adiabatic 60 350 0.011955760739931105
adiabatic 50 3850 0.5607740869786892
adiabatic 50 4250 0.5802065978351895
adiabatic 60 250 0.003118150164891744
adiabatic 50 3950 0.5660155901797972
adiabatic 50 4350 0.5845292154851649
adiabatic 55 3750 0.5292203400370549
adiabatic 60 550 0.04649195189728407
adiabatic 55 3850 0.5353834972841606
adiabatic 55 4150 0.5524507307504658
adiabatic 55 4050 0.5467190231755987
adiabatic 55 3950 0.5409755617731695
adiabatic 55 4250 0.5577784566386347
adiabatic 60 3750 0.49814081754261536
adiabatic 60 4150 0.5232302950855737
adiabatic 70 250 0.002767436993170162
adiabatic 70 350 0.008086702391928468
adiabatic 75 250 0.0024260620418361523
adiabatic 60 4250 0.5291770623206659
adiabatic 70 550 0.029491185050060376
adiabatic 65 3750 0.46320274161679686
adiabatic 65 4050 0.48305371972047517
adiabatic 65 3850 0.470611313589799
adiabatic 20 4950 0.4758592180653191
adiabatic 65 2250 0.31639081586520085
adiabatic 65 4150 0.49127366034634234
adiabatic 20 4450 0.4733035937730634
adiabatic 65 3950 0.47682699405396045
adiabatic 70 1050 0.09932731346227412
adiabatic 75 550 0.02842534310302885
adiabatic 70 3750 0.42727515327630217
adiabatic 70 3850 0.43420134195820076
adiabatic 65 4250 0.4971045908742747
adiabatic 70 4050 0.4482995524553348
adiabatic 70 4150 0.4552549956610817
adiabatic 75 3750 0.39116203815199113
adiabatic 70 4250 0.46260625885291845
adiabatic 25 4950 0.5375436742211632
adiabatic 70 3950 0.44143385991223394
adiabatic 75 4050 0.4138263688310844
adiabatic 75 4150 0.42099117487295346
adiabatic 75 3950 0.40609583628089946
adiabatic 75 3850 0.39837267792842296
adiabatic 75 4250 0.4282926915042961
adiabatic 25 4550 0.5340526113518218
adiabatic 25 4450 0.5330861140219767
adiabatic 70 4650 0.487256122657358
adiabatic 35 4450 0.5973699440255311
adiabatic 20 4850 0.475389166923939
adiabatic 35 4650 0.6013615309441905
adiabatic 30 4950 0.5810160855566455
adiabatic 50 4550 0.5926831837904551
adiabatic 45 4650 0.6089291726425112
adiabatic 25 4750 0.535868613536294
adiabatic 45 4450 0.601967281694968
adiabatic 50 4450 0.5885146881423327
adiabatic 50 4650 0.5967373683015493
adiabatic 55 4350 0.5624391547490818
adiabatic 30 4850 0.5797011100118267
adiabatic 45 4950 0.6179586075285263
adiabatic 55 4650 0.5764700613857975
adiabatic 70 4350 0.46901406646663746
adiabatic 55 4450 0.5674521095661204
adiabatic 55 4550 0.5719201603990433
adiabatic 75 4350 0.4324232946964657
adiabatic 65 4350 0.5029908377064097
adiabatic 35 4850 0.6050076398063827
adiabatic 65 4450 0.5091911941557914
adiabatic 65 4550 0.5149297325556901
adiabatic 45 4750 0.6121224044203655
adiabatic 75 4950 0.46943297615953644
adiabatic 40 4850 0.616656251706109
adiabatic 50 4950 0.6081456090697559
adiabatic 50 4750 0.6006710966369709
adiabatic 65 4650 0.5198848539607211
adiabatic 70 4450 0.4739199417491113
adiabatic 55 4750 0.5806335806919727
adiabatic 55 4950 0.5893835391663349
adiabatic 55 4850 0.5850741403117353
adiabatic 75 4650 0.45278612118523054
adiabatic 70 4550 0.4809282657071472
adiabatic 50 4850 0.6045410309199788
adiabatic 75 4450 0.4388527548448971
adiabatic 75 4550 0.44550225398021076
adiabatic 65 4850 0.5310089860095697